   Cortex Subtype   lsmean         SE  df asymp.LCL asymp.UCL
1      BG       H 1.449818 0.01281812 Inf  1.424695  1.474941
2    Cing       H 1.404168 0.01281812 Inf  1.379045  1.429292
3      FL       H 1.423429 0.01281812 Inf  1.398306  1.448552
4     Ins       H 1.369122 0.01281812 Inf  1.343999  1.394245
5      OL       H 1.380707 0.01281812 Inf  1.355584  1.405830
6      PL       H 1.396201 0.01281812 Inf  1.371077  1.421324
7      SC       H 1.433615 0.01281812 Inf  1.408492  1.458738
8    TL-M       H 1.256136 0.01281812 Inf  1.231013  1.281259
9    TL-O       H 1.321452 0.01281812 Inf  1.296329  1.346575
10     BG      IH 1.470587 0.01429575 Inf  1.442568  1.498606
11   Cing      IH 1.349263 0.01429575 Inf  1.321244  1.377282
12     FL      IH 1.359402 0.01429575 Inf  1.331383  1.387422
13    Ins      IH 1.385417 0.01429575 Inf  1.357398  1.413436
14     OL      IH 1.402455 0.01429575 Inf  1.374435  1.430474
15     PL      IH 1.406902 0.01429575 Inf  1.378883  1.434921
16     SC      IH 1.438428 0.01429575 Inf  1.410408  1.466447
17   TL-M      IH 1.446309 0.01429575 Inf  1.418290  1.474328
18   TL-O      IH 1.381997 0.01429575 Inf  1.353978  1.410017
19     BG      IL 1.543368 0.01651386 Inf  1.511001  1.575735
20   Cing      IL 1.582059 0.01651386 Inf  1.549692  1.614425
21     FL      IL 1.542707 0.01651386 Inf  1.510340  1.575074
22    Ins      IL 1.507538 0.01651386 Inf  1.475172  1.539905
23     OL      IL 1.443148 0.01651386 Inf  1.410781  1.475514
24     PL      IL 1.553857 0.01651386 Inf  1.521490  1.586223
25     SC      IL 1.490333 0.01651386 Inf  1.457966  1.522699
26   TL-M      IL 1.469059 0.01651386 Inf  1.436693  1.501426
27   TL-O      IL 1.496524 0.01651386 Inf  1.464157  1.528891
28     BG       L 1.463289 0.01139465 Inf  1.440956  1.485622
29   Cing       L 1.524159 0.01139465 Inf  1.501826  1.546492
30     FL       L 1.534253 0.01139465 Inf  1.511920  1.556587
31    Ins       L 1.550700 0.01139465 Inf  1.528367  1.573033
32     OL       L 1.577163 0.01139465 Inf  1.554830  1.599496
33     PL       L 1.518414 0.01139465 Inf  1.496081  1.540747
34     SC       L 1.515526 0.01139465 Inf  1.493193  1.537859
35   TL-M       L 1.606283 0.01139465 Inf  1.583950  1.628616
36   TL-O       L 1.598400 0.01139465 Inf  1.576067  1.620733
           contrast Subtype      estimate         SE  df      z.ratio      p.value
1         BG - Cing       H  0.0456496842 0.01356526 Inf   3.36519064 2.717126e-02
2           BG - FL       H  0.0263889167 0.01356526 Inf   1.94533077 8.522706e-01
3          BG - Ins       H  0.0806965890 0.01356526 Inf   5.94876855 9.726024e-08
4           BG - OL       H  0.0691112412 0.01356526 Inf   5.09472313 1.257297e-05
5           BG - PL       H  0.0536176729 0.01356526 Inf   3.95257259 2.779594e-03
6           BG - SC       H  0.0162032983 0.01356526 Inf   1.19447021 9.999264e-01
7       BG - (TL-M)       H  0.1936817981 0.01356526 Inf  14.27778056 0.000000e+00
8       BG - (TL-O)       H  0.1283663643 0.01356526 Inf   9.46287570 0.000000e+00
9         Cing - FL       H -0.0192607676 0.01356526 Inf  -1.41985987 9.977362e-01
10       Cing - Ins       H  0.0350469047 0.01356526 Inf   2.58357791 2.979462e-01
11        Cing - OL       H  0.0234615570 0.01356526 Inf   1.72953249 9.570344e-01
12        Cing - PL       H  0.0079679886 0.01356526 Inf   0.58738195 1.000000e+00
13        Cing - SC       H -0.0294463860 0.01356526 Inf  -2.17072044 6.653806e-01
14    Cing - (TL-M)       H  0.1480321139 0.01356526 Inf  10.91258992 0.000000e+00
15    Cing - (TL-O)       H  0.0827166801 0.01356526 Inf   6.09768506 3.874158e-08
16         FL - Ins       H  0.0543076723 0.01356526 Inf   4.00343778 2.244977e-03
17          FL - OL       H  0.0427223246 0.01356526 Inf   3.14939236 5.724418e-02
18          FL - PL       H  0.0272287562 0.01356526 Inf   2.00724183 8.074070e-01
19          FL - SC       H -0.0101856184 0.01356526 Inf  -0.75086056 1.000000e+00
20      FL - (TL-M)       H  0.1672928815 0.01356526 Inf  12.33244979 0.000000e+00
21      FL - (TL-O)       H  0.1019774477 0.01356526 Inf   7.51754493 2.010392e-12
22         Ins - OL       H -0.0115853478 0.01356526 Inf  -0.85404542 1.000000e+00
23         Ins - PL       H -0.0270789161 0.01356526 Inf  -1.99619596 8.158491e-01
24         Ins - SC       H -0.0644932907 0.01356526 Inf  -4.75429834 7.168675e-05
25     Ins - (TL-M)       H  0.1129852092 0.01356526 Inf   8.32901201 3.996803e-15
26     Ins - (TL-O)       H  0.0476697753 0.01356526 Inf   3.51410715 1.576241e-02
27          OL - PL       H -0.0154935684 0.01356526 Inf  -1.14215053 9.999730e-01
28          OL - SC       H -0.0529079429 0.01356526 Inf  -3.90025292 3.453510e-03
29      OL - (TL-M)       H  0.1245705569 0.01356526 Inf   9.18305743 0.000000e+00
30      OL - (TL-O)       H  0.0592551231 0.01356526 Inf   4.36815257 4.509881e-04
31          PL - SC       H -0.0374143746 0.01356526 Inf  -2.75810239 1.893408e-01
32      PL - (TL-M)       H  0.1400641253 0.01356526 Inf  10.32520797 0.000000e+00
33      PL - (TL-O)       H  0.0747486914 0.01356526 Inf   5.51030311 1.289578e-06
34      SC - (TL-M)       H  0.1774784999 0.01356526 Inf  13.08331036 0.000000e+00
35      SC - (TL-O)       H  0.1121630660 0.01356526 Inf   8.26840549 3.996803e-15
36  (TL-M) - (TL-O)       H -0.0653154338 0.01356526 Inf  -4.81490486 5.301585e-05
37        BG - Cing      IH  0.1213238553 0.01567735 Inf   7.73879980 3.597123e-13
38          BG - FL      IH  0.1111844685 0.01567735 Inf   7.09204584 4.756995e-11
39         BG - Ins      IH  0.0851695561 0.01567735 Inf   5.43265084 1.998826e-06
40          BG - OL      IH  0.0681323014 0.01567735 Inf   4.34590740 4.992027e-04
41          BG - PL      IH  0.0636846509 0.01567735 Inf   4.06220823 1.748497e-03
42          BG - SC      IH  0.0321593274 0.01567735 Inf   2.05132450 7.720021e-01
43      BG - (TL-M)      IH  0.0242777912 0.01567735 Inf   1.54859047 9.905582e-01
44      BG - (TL-O)      IH  0.0885894511 0.01567735 Inf   5.65079329 5.749524e-07
45        Cing - FL      IH -0.0101393868 0.01567735 Inf  -0.64675396 1.000000e+00
46       Cing - Ins      IH -0.0361542992 0.01567735 Inf  -2.30614897 5.359733e-01
47        Cing - OL      IH -0.0531915539 0.01567735 Inf  -3.39289240 2.459819e-02
48        Cing - PL      IH -0.0576392044 0.01567735 Inf  -3.67659157 8.474252e-03
49        Cing - SC      IH -0.0891645279 0.01567735 Inf  -5.68747531 4.641524e-07
50    Cing - (TL-M)      IH -0.0970460641 0.01567735 Inf  -6.19020934 2.163037e-08
51    Cing - (TL-O)      IH -0.0327344042 0.01567735 Inf  -2.08800652 7.406790e-01
52         FL - Ins      IH -0.0260149124 0.01567735 Inf  -1.65939500 9.746410e-01
53          FL - OL      IH -0.0430521671 0.01567735 Inf  -2.74613844 1.956670e-01
54          FL - PL      IH -0.0474998177 0.01567735 Inf  -3.02983761 8.441735e-02
55          FL - SC      IH -0.0790251412 0.01567735 Inf  -5.04072134 1.669596e-05
56      FL - (TL-M)      IH -0.0869066774 0.01567735 Inf  -5.54345537 1.067616e-06
57      FL - (TL-O)      IH -0.0225950174 0.01567735 Inf  -1.44125255 9.970621e-01
58         Ins - OL      IH -0.0170372547 0.01567735 Inf  -1.08674344 9.999916e-01
59         Ins - PL      IH -0.0214849053 0.01567735 Inf  -1.37044261 9.988075e-01
60         Ins - SC      IH -0.0530102288 0.01567735 Inf  -3.38132634 2.564408e-02
61     Ins - (TL-M)      IH -0.0608917650 0.01567735 Inf  -3.88406037 3.691509e-03
62     Ins - (TL-O)      IH  0.0034198950 0.01567735 Inf   0.21814245 1.000000e+00
63          OL - PL      IH -0.0044476505 0.01567735 Inf  -0.28369917 1.000000e+00
64          OL - SC      IH -0.0359729740 0.01567735 Inf  -2.29458290 5.470165e-01
65      OL - (TL-M)      IH -0.0438545102 0.01567735 Inf  -2.79731694 1.697130e-01
66      OL - (TL-O)      IH  0.0204571497 0.01567735 Inf   1.30488589 9.995343e-01
67          PL - SC      IH -0.0315253235 0.01567735 Inf  -2.01088373 8.045842e-01
68      PL - (TL-M)      IH -0.0394068597 0.01567735 Inf  -2.51361777 3.513037e-01
69      PL - (TL-O)      IH  0.0249048003 0.01567735 Inf   1.58858506 9.861913e-01
70      SC - (TL-M)      IH -0.0078815362 0.01567735 Inf  -0.50273403 1.000000e+00
71      SC - (TL-O)      IH  0.0564301238 0.01567735 Inf   3.59946879 1.141542e-02
72  (TL-M) - (TL-O)      IH  0.0643116600 0.01567735 Inf   4.10220282 1.472192e-03
73        BG - Cing      IL -0.0386906131 0.01734864 Inf  -2.23018189 6.088263e-01
74          BG - FL      IL  0.0006610088 0.01734864 Inf   0.03810148 1.000000e+00
75         BG - Ins      IL  0.0358295805 0.01734864 Inf   2.06526792 7.602786e-01
76          BG - OL      IL  0.1002202801 0.01734864 Inf   5.77683930 2.740209e-07
77          BG - PL      IL -0.0104887888 0.01734864 Inf  -0.60458868 1.000000e+00
78          BG - SC      IL  0.0530351414 0.01734864 Inf   3.05702088 7.740748e-02
79      BG - (TL-M)      IL  0.0743084786 0.01734864 Inf   4.28324625 6.628564e-04
80      BG - (TL-O)      IL  0.0468439232 0.01734864 Inf   2.70015027 2.214936e-01
81        Cing - FL      IL  0.0393516218 0.01734864 Inf   2.26828338 5.722287e-01
82       Cing - Ins      IL  0.0745201936 0.01734864 Inf   4.29544981 6.274307e-04
83        Cing - OL      IL  0.1389108932 0.01734864 Inf   8.00702120 4.396483e-14
84        Cing - PL      IL  0.0282018243 0.01734864 Inf   1.62559321 9.808373e-01
85        Cing - SC      IL  0.0917257544 0.01734864 Inf   5.28720278 4.471224e-06
86    Cing - (TL-M)      IL  0.1129990916 0.01734864 Inf   6.51342815 2.644373e-09
87    Cing - (TL-O)      IL  0.0855345363 0.01734864 Inf   4.93033217 2.955195e-05
88         FL - Ins      IL  0.0351685718 0.01734864 Inf   2.02716643 7.917323e-01
89          FL - OL      IL  0.0995592714 0.01734864 Inf   5.73873782 3.433850e-07
90          FL - PL      IL -0.0111497975 0.01734864 Inf  -0.64269017 1.000000e+00
91          FL - SC      IL  0.0523741326 0.01734864 Inf   3.01891940 8.738403e-02
92      FL - (TL-M)      IL  0.0736474698 0.01734864 Inf   4.24514477 7.861278e-04
93      FL - (TL-O)      IL  0.0461829145 0.01734864 Inf   2.66204879 2.447385e-01
94         Ins - OL      IL  0.0643906996 0.01734864 Inf   3.71157139 7.388490e-03
95         Ins - PL      IL -0.0463183693 0.01734864 Inf  -2.66985660 2.398374e-01
96         Ins - SC      IL  0.0172055608 0.01734864 Inf   0.99175297 9.999991e-01
97     Ins - (TL-M)      IL  0.0384788980 0.01734864 Inf   2.21797834 6.205190e-01
98     Ins - (TL-O)      IL  0.0110143427 0.01734864 Inf   0.63488236 1.000000e+00
99          OL - PL      IL -0.1107090689 0.01734864 Inf  -6.38142798 6.315992e-09
100         OL - SC      IL -0.0471851387 0.01734864 Inf  -2.71981842 2.101524e-01
101     OL - (TL-M)      IL -0.0259118015 0.01734864 Inf  -1.49359305 9.946607e-01
102     OL - (TL-O)      IL -0.0533763569 0.01734864 Inf  -3.07668903 7.265707e-02
103         PL - SC      IL  0.0635239301 0.01734864 Inf   3.66160956 8.983419e-03
104     PL - (TL-M)      IL  0.0847972673 0.01734864 Inf   4.88783494 3.670169e-05
105     PL - (TL-O)      IL  0.0573327120 0.01734864 Inf   3.30473896 3.366010e-02
106     SC - (TL-M)      IL  0.0212733372 0.01734864 Inf   1.22622537 9.998702e-01
107     SC - (TL-O)      IL -0.0061912182 0.01734864 Inf  -0.35687061 1.000000e+00
108 (TL-M) - (TL-O)      IL -0.0274645553 0.01734864 Inf  -1.58309598 9.868718e-01
109       BG - Cing       L -0.0608695776 0.01192431 Inf  -5.10466250 1.192981e-05
110         BG - FL       L -0.0709641495 0.01192431 Inf  -5.95121646 9.581644e-08
111        BG - Ins       L -0.0874110102 0.01192431 Inf  -7.33048795 8.253398e-12
112         BG - OL       L -0.1138733696 0.01192431 Inf  -9.54968216 0.000000e+00
113         BG - PL       L -0.0551251322 0.01192431 Inf  -4.62292012 1.362061e-04
114         BG - SC       L -0.0522369779 0.01192431 Inf  -4.38071287 4.257619e-04
115     BG - (TL-M)       L -0.1429936234 0.01192431 Inf -11.99177348 0.000000e+00
116     BG - (TL-O)       L -0.1351108793 0.01192431 Inf -11.33070847 0.000000e+00
117       Cing - FL       L -0.0100945719 0.01192431 Inf  -0.84655397 1.000000e+00
118      Cing - Ins       L -0.0265414326 0.01192431 Inf  -2.22582546 6.130034e-01
119       Cing - OL       L -0.0530037920 0.01192431 Inf  -4.44501966 3.163331e-04
120       Cing - PL       L  0.0057444454 0.01192431 Inf   0.48174238 1.000000e+00
121       Cing - SC       L  0.0086325997 0.01192431 Inf   0.72394963 1.000000e+00
122   Cing - (TL-M)       L -0.0821240458 0.01192431 Inf  -6.88711099 2.049720e-10
123   Cing - (TL-O)       L -0.0742413017 0.01192431 Inf  -6.22604597 1.722074e-08
124        FL - Ins       L -0.0164468607 0.01192431 Inf  -1.37927149 9.986573e-01
125         FL - OL       L -0.0429092201 0.01192431 Inf  -3.59846569 1.145928e-02
126         FL - PL       L  0.0158390173 0.01192431 Inf   1.32829635 9.993404e-01
127         FL - SC       L  0.0187271716 0.01192431 Inf   1.57050360 9.883316e-01
128     FL - (TL-M)       L -0.0720294739 0.01192431 Inf  -6.04055702 5.528992e-08
129     FL - (TL-O)       L -0.0641467298 0.01192431 Inf  -5.37949200 2.689064e-06
130        Ins - OL       L -0.0264623594 0.01192431 Inf  -2.21919420 6.193553e-01
131        Ins - PL       L  0.0322858780 0.01192431 Inf   2.70756784 2.171641e-01
132        Ins - SC       L  0.0351740323 0.01192431 Inf   2.94977509 1.083346e-01
133    Ins - (TL-M)       L -0.0555826132 0.01192431 Inf  -4.66128553 1.131203e-04
134    Ins - (TL-O)       L -0.0476998691 0.01192431 Inf  -4.00022051 2.275684e-03
135         OL - PL       L  0.0587482374 0.01192431 Inf   4.92676204 3.009681e-05
136         OL - SC       L  0.0616363917 0.01192431 Inf   5.16896929 8.473954e-06
137     OL - (TL-M)       L -0.0291202538 0.01192431 Inf  -2.44209133 4.111385e-01
138     OL - (TL-O)       L -0.0212375097 0.01192431 Inf  -1.78102631 9.393746e-01
139         PL - SC       L  0.0028881543 0.01192431 Inf   0.24220725 1.000000e+00
140     PL - (TL-M)       L -0.0878684912 0.01192431 Inf  -7.36885336 6.195044e-12
141     PL - (TL-O)       L -0.0799857471 0.01192431 Inf  -6.70778835 7.113470e-10
142     SC - (TL-M)       L -0.0907566455 0.01192431 Inf  -7.61106061 9.792167e-13
143     SC - (TL-O)       L -0.0828739014 0.01192431 Inf  -6.94999560 1.315068e-10
144 (TL-M) - (TL-O)       L  0.0078827441 0.01192431 Inf   0.66106502 1.000000e+00
   Subtype Cortex   lsmean         SE  df asymp.LCL asymp.UCL
1        H     BG 1.449818 0.01281812 Inf  1.424695  1.474941
2       IH     BG 1.470587 0.01429575 Inf  1.442568  1.498606
3       IL     BG 1.543368 0.01651386 Inf  1.511001  1.575735
4        L     BG 1.463289 0.01139465 Inf  1.440956  1.485622
5        H   Cing 1.404168 0.01281812 Inf  1.379045  1.429292
6       IH   Cing 1.349263 0.01429575 Inf  1.321244  1.377282
7       IL   Cing 1.582059 0.01651386 Inf  1.549692  1.614425
8        L   Cing 1.524159 0.01139465 Inf  1.501826  1.546492
9        H     FL 1.423429 0.01281812 Inf  1.398306  1.448552
10      IH     FL 1.359402 0.01429575 Inf  1.331383  1.387422
11      IL     FL 1.542707 0.01651386 Inf  1.510340  1.575074
12       L     FL 1.534253 0.01139465 Inf  1.511920  1.556587
13       H    Ins 1.369122 0.01281812 Inf  1.343999  1.394245
14      IH    Ins 1.385417 0.01429575 Inf  1.357398  1.413436
15      IL    Ins 1.507538 0.01651386 Inf  1.475172  1.539905
16       L    Ins 1.550700 0.01139465 Inf  1.528367  1.573033
17       H     OL 1.380707 0.01281812 Inf  1.355584  1.405830
18      IH     OL 1.402455 0.01429575 Inf  1.374435  1.430474
19      IL     OL 1.443148 0.01651386 Inf  1.410781  1.475514
20       L     OL 1.577163 0.01139465 Inf  1.554830  1.599496
21       H     PL 1.396201 0.01281812 Inf  1.371077  1.421324
22      IH     PL 1.406902 0.01429575 Inf  1.378883  1.434921
23      IL     PL 1.553857 0.01651386 Inf  1.521490  1.586223
24       L     PL 1.518414 0.01139465 Inf  1.496081  1.540747
25       H     SC 1.433615 0.01281812 Inf  1.408492  1.458738
26      IH     SC 1.438428 0.01429575 Inf  1.410408  1.466447
27      IL     SC 1.490333 0.01651386 Inf  1.457966  1.522699
28       L     SC 1.515526 0.01139465 Inf  1.493193  1.537859
29       H   TL-M 1.256136 0.01281812 Inf  1.231013  1.281259
30      IH   TL-M 1.446309 0.01429575 Inf  1.418290  1.474328
31      IL   TL-M 1.469059 0.01651386 Inf  1.436693  1.501426
32       L   TL-M 1.606283 0.01139465 Inf  1.583950  1.628616
33       H   TL-O 1.321452 0.01281812 Inf  1.296329  1.346575
34      IH   TL-O 1.381997 0.01429575 Inf  1.353978  1.410017
35      IL   TL-O 1.496524 0.01651386 Inf  1.464157  1.528891
36       L   TL-O 1.598400 0.01139465 Inf  1.576067  1.620733
   contrast Cortex     estimate         SE  df     z.ratio      p.value
1    H - IH     BG -0.020768664 0.01746343 Inf  -1.1892657 7.985198e-01
2    H - IL     BG -0.093549784 0.01992463 Inf  -4.6951819 1.598207e-05
3     H - L     BG -0.013471081 0.01673928 Inf  -0.8047587 9.623074e-01
4   IH - IL     BG -0.072781119 0.02133109 Inf  -3.4119740 3.863421e-03
5    IH - L     BG  0.007297583 0.01759377 Inf   0.4147823 9.988916e-01
6    IL - L     BG  0.080078703 0.01983581 Inf   4.0370783 3.246821e-04
7    H - IH   Cing  0.054905507 0.01746343 Inf   3.1440268 9.956851e-03
8    H - IL   Cing -0.177890081 0.01992463 Inf  -8.9281477 0.000000e+00
9     H - L   Cing -0.119990343 0.01673928 Inf  -7.1681898 4.559686e-12
10  IH - IL   Cing -0.232795588 0.02133109 Inf -10.9134417 0.000000e+00
11   IH - L   Cing -0.174895850 0.01759377 Inf  -9.9407841 0.000000e+00
12   IL - L   Cing  0.057899738 0.01983581 Inf   2.9189506 2.088855e-02
13   H - IH     FL  0.064026887 0.01746343 Inf   3.6663398 1.475374e-03
14   H - IL     FL -0.119277692 0.01992463 Inf  -5.9864431 1.286877e-08
15    H - L     FL -0.110824147 0.01673928 Inf  -6.6206038 2.146410e-10
16  IH - IL     FL -0.183304579 0.02133109 Inf  -8.5933065 0.000000e+00
17   IH - L     FL -0.174851035 0.01759377 Inf  -9.9382369 0.000000e+00
18   IL - L     FL  0.008453544 0.01983581 Inf   0.4261760 9.987081e-01
19   H - IH    Ins -0.016295697 0.01746343 Inf  -0.9331324 9.251028e-01
20   H - IL    Ins -0.138416792 0.01992463 Inf  -6.9470179 2.238543e-11
21    H - L    Ins -0.181578680 0.01673928 Inf -10.8474599 0.000000e+00
22  IH - IL    Ins -0.122121095 0.02133109 Inf  -5.7250288 6.204971e-08
23   IH - L    Ins -0.165282983 0.01759377 Inf  -9.3944051 0.000000e+00
24   IL - L    Ins -0.043161888 0.01983581 Inf  -2.1759584 1.647500e-01
25   H - IH     OL -0.021747604 0.01746343 Inf  -1.2453223 7.624230e-01
26   H - IL     OL -0.062440745 0.01992463 Inf  -3.1338464 1.030732e-02
27    H - L     OL -0.196455692 0.01673928 Inf -11.7362085 0.000000e+00
28  IH - IL     OL -0.040693141 0.02133109 Inf  -1.9076917 2.942648e-01
29   IH - L     OL -0.174708088 0.01759377 Inf  -9.9301121 0.000000e+00
30   IL - L     OL -0.134014947 0.01983581 Inf  -6.7562139 8.498668e-11
31   H - IH     PL -0.010701686 0.01746343 Inf  -0.6128054 9.905263e-01
32   H - IL     PL -0.157656245 0.01992463 Inf  -7.9126292 1.532108e-14
33    H - L     PL -0.122213886 0.01673928 Inf  -7.3010236 1.713296e-12
34  IH - IL     PL -0.146954559 0.02133109 Inf  -6.8892200 3.365974e-11
35   IH - L     PL -0.111512200 0.01759377 Inf  -6.3381647 1.395109e-09
36   IL - L     PL  0.035442359 0.01983581 Inf   1.7867869 3.694132e-01
37   H - IH     SC -0.004812635 0.01746343 Inf  -0.2755835 9.998952e-01
38   H - IL     SC -0.056717941 0.01992463 Inf  -2.8466239 2.622018e-02
39    H - L     SC -0.081911357 0.01673928 Inf  -4.8933617 5.947663e-06
40  IH - IL     SC -0.051905305 0.02133109 Inf  -2.4333173 8.647578e-02
41   IH - L     SC -0.077098722 0.01759377 Inf  -4.3821609 7.050271e-05
42   IL - L     SC -0.025193417 0.01983581 Inf  -1.2700980 7.457180e-01
43   H - IH   TL-M -0.190172671 0.01746343 Inf -10.8897632 0.000000e+00
44   H - IL   TL-M -0.212923103 0.01992463 Inf -10.6864245 0.000000e+00
45    H - L   TL-M -0.350146503 0.01673928 Inf -20.9176548 0.000000e+00
46  IH - IL   TL-M -0.022750432 0.02133109 Inf  -1.0665387 8.677086e-01
47   IH - L   TL-M -0.159973831 0.01759377 Inf  -9.0926419 0.000000e+00
48   IL - L   TL-M -0.137223399 0.01983581 Inf  -6.9179644 2.749068e-11
49   H - IH   TL-O -0.060545578 0.01746343 Inf  -3.4669913 3.153761e-03
50   H - IL   TL-O -0.175072225 0.01992463 Inf  -8.7867220 0.000000e+00
51    H - L   TL-O -0.276948325 0.01673928 Inf -16.5448160 0.000000e+00
52  IH - IL   TL-O -0.114526647 0.02133109 Inf  -5.3690016 4.750422e-07
53   IH - L   TL-O -0.216402747 0.01759377 Inf -12.2999660 0.000000e+00
54   IL - L   TL-O -0.101876100 0.01983581 Inf  -5.1359698 1.684155e-06
  Visit   lsmean          SE  df asymp.LCL asymp.UCL
1   MCI 1.381628 0.009084007 Inf  1.363823  1.399432
2    AD 1.323466 0.009121055 Inf  1.305589  1.341343
  contrast   estimate          SE  df  z.ratio      p.value
1 MCI - AD 0.05816182 0.005356912 Inf 10.85734 1.840307e-27
